ƙá.sáa, H, [(1, 1, 1), (1, 2, 2), (1, 3, 2)] 
ƙùu.ráa, LH, [(1, 1, 1), (1, 2, 1), (2, 3, 2), (2, 4, 2)] 
tà.ɓóo, LH, [(1, 1, 1), (2, 2, 2), (2, 3, 2)] 
tú.dùu, HL, [(1, 1, 1), (2, 2, 2), (2, 3, 2)] 
gáa.ɓàa, HL, [(1, 1, 1), (1, 2, 1), (2, 3, 2), (2, 4, 2)] 
kúm.fáa, H, [(1, 1, 1), (1, 2, 1), (1, 3, 2), (1, 4, 2)] 
gùu.gú.wàa, LHL, [(1, 1, 1), (1, 2, 1), (2, 3, 2), (3, 4, 3), (3, 5, 3)] 
fà.dá.màa, LHL, [(1, 1, 1), (2, 2, 2), (3, 3, 3), (3, 4, 3)] 
tàu.ràa.róo, LH, [(1, 1, 1), (1, 2, 1), (1, 3, 2), (1, 4, 2), (2, 5, 3), (2, 6, 3)] 
í.nú.wàa, HL, [(1, 1, 1), (1, 2, 2), (2, 3, 3), (2, 4, 3)] 
gàa.jì.màa.rée, LH, [(1, 1, 1), (1, 2, 1), (1, 3, 2), (1, 4, 3), (1, 5, 3), (2, 6, 4), (2, 7, 4)] 
ƙàn.ƙá.ráa, LH, [(1, 1, 1), (1, 2, 1), (2, 3, 2), (2, 4, 3), (2, 5, 3)] 
gá.wà.yíi, HLH, [(1, 1, 1), (2, 2, 2), (3, 3, 3), (3, 4, 3)] 
mù.tûm, LHL, [(1, 1, 1), (2, 2, 2), (3, 3, 2)] 
mà.cè, L, [(1, 1, 1), (1, 2, 2)] 
yáa.rín.yàa, HL, [(1, 1, 1), (1, 2, 1), (1, 3, 2), (1, 4, 2), (2, 5, 3), (2, 6, 3)] 
bù.dúr.wáa, LH, [(1, 1, 1), (2, 2, 2), (2, 3, 2), (2, 4, 3), (2, 5, 3)] 
ɗáa, H, [(1, 1, 1), (1, 2, 1)] 
jà.ríi.rìi, LHL, [(1, 1, 1), (2, 2, 2), (2, 3, 2), (3, 4, 3), (3, 5, 3)] 
í.yàa.yée, HLH, [(1, 1, 1), (2, 2, 2), (2, 3, 2), (3, 4, 3), (3, 5, 3)] 
á.má.rí.yáa, H, [(1, 1, 1), (1, 2, 2), (1, 3, 3), (1, 4, 4), (1, 5, 4)] 
sù.rú.kíi, LH, [(1, 1, 1), (2, 2, 2), (2, 3, 3), (2, 4, 3)] 
mà.rái.nì.yáa, LHLH, [(1, 1, 1), (2, 2, 2), (2, 3, 2), (3, 4, 3), (4, 5, 4), (4, 6, 4)] 
í.tá, H, [(1, 1, 1), (1, 2, 2)] 
góo.ɗí.yáa, H, [(1, 1, 1), (1, 2, 1), (1, 3, 2), (1, 4, 3), (1, 5, 3)] 
gá.ggá.fáa, H, [(1, 1, 1), (1, 2, 2), (1, 3, 3), (1, 4, 3)] 
hàn.káa.kàa, LHL, [(1, 1, 1), (1, 2, 1), (2, 3, 2), (2, 4, 2), (3, 5, 3), (3, 6, 3)] 
múu.jì.yáa, HLH, [(1, 1, 1), (1, 2, 1), (2, 3, 2), (3, 4, 3), (3, 5, 3)] 
yân.yáa.wàa, HLHL, [(1, 1, 1), (2, 2, 1), (3, 3, 2), (3, 4, 2), (4, 5, 3), (4, 6, 3)] 
tùn.kù.yáu, LH, [(1, 1, 1), (1, 2, 1), (1, 3, 2), (2, 4, 3), (2, 5, 3)] 
mà.ƙèe.súu, LH, [(1, 1, 1), (1, 2, 2), (1, 3, 2), (2, 4, 3), (2, 5, 3)] 
kì.fíi.fí.yàa, LHL, [(1, 1, 1), (2, 2, 2), (2, 3, 2), (2, 4, 3), (3, 5, 4), (3, 6, 4)] 
kâi, HL, [(1, 1, 1), (2, 2, 1)] 
kûn.née, HLH, [(1, 1, 1), (2, 2, 1), (3, 3, 2), (3, 4, 2)] 
díd.dí.gèe, HL, [(1, 1, 1), (1, 2, 1), (1, 3, 2), (2, 4, 3), (2, 5, 3)] 
dà.láa.là, LHL, [(1, 1, 1), (2, 2, 2), (2, 3, 2), (3, 4, 3)] 
mú.tù, HL, [(1, 1, 1), (2, 2, 2)] 
mú.gún.yàa, HL, [(1, 1, 1), (1, 2, 2), (1, 3, 2), (2, 4, 3), (2, 5, 3)] 
gà.jí, LH, [(1, 1, 1), (2, 2, 2)] 
cí, H, [(1, 1, 1)] 
à.bín.cí, LH, [(1, 1, 1), (2, 2, 2), (2, 3, 2), (2, 4, 3)] 
nùu.ná, LH, [(1, 1, 1), (1, 2, 1), (2, 3, 2)] 
tú.kún.yáa, H, [(1, 1, 1), (1, 2, 2), (1, 3, 2), (1, 4, 3), (1, 5, 3)] 
mà.là.fáa, LH, [(1, 1, 1), (1, 2, 2), (2, 3, 3), (2, 4, 3)] 
búu.túu.túu, H, [(1, 1, 1), (1, 2, 1), (1, 3, 2), (1, 4, 2), (1, 5, 3), (1, 6, 3)] 
kú.tút.tú.rèe, HL, [(1, 1, 1), (1, 2, 2), (1, 3, 2), (1, 4, 3), (2, 5, 4), (2, 6, 4)] 
má.ƙán.ƙá.ríi, H, [(1, 1, 1), (1, 2, 2), (1, 3, 2), (1, 4, 3), (1, 5, 4), (1, 6, 4)] 
fáa.ɗì, HL, [(1, 1, 1), (1, 2, 1), (2, 3, 2)] 
tàa.kú.rà, LHL, [(1, 1, 1), (1, 2, 1), (2, 3, 2), (3, 4, 3)] 
tát.tàa.ráa, HLH, [(1, 1, 1), (1, 2, 1), (2, 3, 2), (2, 4, 2), (3, 5, 3), (3, 6, 3)] 
dáa.má, H, [(1, 1, 1), (1, 2, 1), (1, 3, 2)] 
á.rèe.wá, HLH, [(1, 1, 1), (2, 2, 2), (2, 3, 2), (3, 4, 3)] 
ɓúɓ.ɓú.kée.kèe, HL, [(1, 1, 1), (1, 2, 1), (1, 3, 2), (1, 4, 3), (1, 5, 3), (2, 6, 4), (2, 7, 4)] 
mà.ká.rà, LHL, [(1, 1, 1), (2, 2, 2), (3, 3, 3)] 
dú.ƙún.ƙù.née, HLH, [(1, 1, 1), (1, 2, 2), (1, 3, 2), (2, 4, 3), (3, 5, 4), (3, 6, 4)] 
ƙàa.lùu.bà.lán.tàa, LHL, [(1, 1, 1), (1, 2, 1), (1, 3, 2), (1, 4, 2), (1, 5, 3), (2, 6, 4), (2, 7, 4), (3, 8, 5), (3, 9, 5)] 
sá.bòo.dà, HL, [(1, 1, 1), (2, 2, 2), (2, 3, 2), (2, 4, 3)] 
yàa.yàa, L, [(1, 1, 1), (1, 2, 1), (1, 3, 2), (1, 4, 2)] 
mèe, L, [(1, 1, 1), (1, 2, 1)] 
à, L, [(1, 1, 1)] 
ɓàr.ɓár.wáa, LH, [(1, 1, 1), (1, 2, 1), (2, 3, 2), (2, 4, 2), (2, 5, 3), (2, 6, 3)] 
dì.míl.mí.lóo, LH, [(1, 1, 1), (2, 2, 2), (2, 3, 2), (2, 4, 3), (2, 5, 4), (2, 6, 4)] 
